"OBJECTID" "PROV_34_ID" "PROV_34_NA" "DIST_34_ID" "DIST_34_NA" "AREA_SQKM" "HECTARES" "SHAPE_LENG" "Dis_Old_ID" "REGION" "T_P_BS" "T_P_MAL" "T_P_FMAL" "U_BS" "UR_MAL" "UR_FMAL" "RU_BS" "RU_MAL" "RU_FMAL" "POP_DEN"
"0" 1 32 "Hirat" 3207 "Gulran" 6078.11997699 607811.997699 4.585344012 2007 "Western" 90100 45100 45000 0 0 0 90100 45100 45000 14.824
"1" 2 32 "Hirat" 3206 "Koshk" 2909.98550675 290998.550675 2.78816263783 2006 "Western" 118800 60000 58800 15800 7900 7900 103000 52100 50900 40.825
"2" 3 32 "Hirat" 3216 "Koshki Kohna" 1671.25051359 167125.051359 2.4445106691 2016 "Western" 43700 22100 21600 0 0 0 43700 22100 21600 26.148
"3" 4 32 "Hirat" 3208 "Kohsan" 2232.12737023 223212.737023 2.56012389383 2008 "Western" 52100 26100 26000 0 0 0 52100 26100 26000 23.341
"4" 5 32 "Hirat" 3209 "Ghoryan" 7384.77899433 738477.899433 4.59225899574 2009 "Western" 84300 42800 41500 32100 16400 15700 52200 26400 25800 11.415
"5" 6 32 "Hirat" 3210 "Zanda  Jan
" 2513.72793865 251372.793865 2.80145149296 2010 "Western" 54600 27400 27200 0 0 0 54600 27400 27200 21.721
"6" 7 32 "Hirat" 3203 "Guzara" 2612.95396612 261295.396612 3.23810943304 2003 "Western" 140300 71100 69200 0 0 0 140300 71100 69200 53.694
"7" 8 32 "Hirat" 3205 "Karukh" 2014.05618791 201405.618791 2.60320187407 2005 "Western" 61000 30800 30200 6400 3300 3100 54600 27500 27100 30.287
"8" 9 32 "Hirat" 3204 "Pashtun Zarghun" 1907.349569 190734.9569 2.23969537797 2004 "Western" 95900 48900 47000 0 0 0 95900 48900 47000 50.279
"9" 10 32 "Hirat" 3212 "Obe" 2634.48798293 263448.798293 2.76860399484 2012 "Western" 72300 36800 35500 3200 1600 1600 69100 35200 33900 27.444
"10" 11 32 "Hirat" 3213 "Farsi" 2009.32712684 200932.712684 2.43529754979 2013 "Western" 29400 15200 14200 0 0 0 29400 15200 14200 14.632
"11" 12 33 "Farah" 3307 "Anar Dara" 10645.2562899 1064525.62899 4.94781250166 2107 "Western" 26600 13600 13000 0 0 0 26600 13600 13000 2.499
"12" 13 33 "Farah" 3308 "Qala Ka" 3598.12678683 359812.678683 2.98748662716 2108 "Western" 29500 15000 14500 0 0 0 29500 15000 14500 8.199
"13" 14 33 "Farah" 3306 "Khaki Safed" 1815.33499386 181533.499386 2.40086954696 2106 "Western" 29000 14700 14300 0 0 0 29000 14700 14300 15.975
"14" 15 32 "Hirat" 3214 "Shindand" 6762.97916794 676297.916794 5.77895722009 2014 "Western" 170900 86100 84800 4700 2500 2200 166200 83600 82600 25.27
"15" 16 33 "Farah" 3310 "Shib Koh" 2738.48462701 273848.462701 2.72198564402 2110 "Western" 22400 11400 11000 0 0 0 22400 11400 11000 8.18
"16" 17 33 "Farah" 3309 "Lash Wa Juwayn" 5490.83695745 549083.695745 3.6721602882 2109 "Western" 26700 13700 13000 0 0 0 26700 13700 13000 4.863
"17" 18 33 "Farah" 3311 "Pusht Rod" 407.263769039 40726.3769039 1.03628396273 2111 "Western" 38900 20000 18900 0 0 0 38900 20000 18900 95.515
"18" 19 33 "Farah" 3301 "Farah" 3462.50474424 346250.474424 3.8511122981 2101 "Western" 106400 54600 51800 34200 17700 16500 72200 36900 35300 30.729
"19" 20 33 "Farah" 3305 "Bala Buluk" 5450.51970864 545051.970864 4.51693938346 2105 "Western" 68400 35200 33200 0 0 0 68400 35200 33200 12.549
"20" 21 33 "Farah" 3303 "Gulistan" 7102.46090706 710246.090706 5.53523402501 2103 "Western" 41400 21200 20200 0 0 0 41400 21200 20200 5.829
"21" 22 33 "Farah" 3304 "Pur Chaman" 6693.60148472 669360.148472 6.60154343161 2104 "Western" 51100 26500 24600 0 0 0 51100 26500 24600 7.634
"22" 23 33 "Farah" 3302 "Bakwa" 2424.06803533 242406.803533 2.34581602664 2102 "Western" 33900 17400 16500 0 0 0 33900 17400 16500 13.985
"23" 24 34 "Nimroz" 3402 "Kang" 1249.98218615 124998.218615 2.32837590454 2202 "Southern" 21500 10900 10600 0 0 0 21500 10900 10600 17.2
"24" 26 34 "Nimroz" 3403 "Chahar Burjak" 21864.3019994 2186430.19994 6.34806529224 2203 "Southern" 25300 13000 12300 0 0 0 25300 13000 12300 1.157
"25" 27 34 "Nimroz" 3404 "Chakhansur" 9699.89876256 969989.876256 5.44154942626 2204 "Southern" 22700 11600 11100 0 0 0 22700 11600 11100 2.34
"26" 28 34 "Nimroz" 3405 "Khash Rod" 5766.21489319 576621.489319 3.31700832575 2205 "Southern" 24300 12400 11900 0 0 0 24300 12400 11900 4.214
"27" 29 29 "Hilmand" 2910 "Dishu" 9484.7762586 948477.62586 4.13500956122 2311 "Southern" 19500 10000 9500 0 0 0 19500 10000 9500 2.056
"28" 30 29 "Hilmand" 2913 "Reg(Khanshin)" 13153.3391639 1315333.91639 5.64046621902 2314 "Southern" 25100 12900 12200 0 0 0 25100 12900 12200 1.908
"29" 31 29 "Hilmand" 2911 "Garmser" 10344.983301 1034498.3301 4.37815373712 2312 "Southern" 84100 43200 40900 0 0 0 84100 43200 40900 8.13
"30" 32 29 "Hilmand" 2909 "Nawa-I- Barak Zayi" 2505.24127415 250524.127415 3.59368072089 2309 "Southern" 88900 45600 43300 0 0 0 88900 45600 43300 35.486
"31" 33 29 "Hilmand" 2908 "Nad Ali" 4563.86395741 456386.395741 2.83836669222 2308 "Southern" 113000 57900 55100 0 0 0 113000 57900 55100 24.76
"32" 34 29 "Hilmand" 2902 "Nahri Sarraj" 1542.71548498 154271.548498 1.87399995644 2302 "Southern" 112200 57600 54600 9600 5000 4600 102600 52600 50000 72.729
"33" 35 29 "Hilmand" 2901 "Lashkar Gah" 997.825259353 99782.5259353 1.53533163222 2301 "Southern" 98300 50900 47400 40600 21300 19300 57700 29600 28100 98.514
"34" 36 29 "Hilmand" 2912 "Sangin" 507.973897955 50797.3897955 1.15130291948 2313 "Southern" 57200 29300 27900 0 0 0 57200 29300 27900 112.604
"35" 37 29 "Hilmand" 2903 "Kajaki" 1975.93375354 197593.375354 2.6795683009 2303 "Southern" 68300 35000 33300 0 0 0 68300 35000 33300 34.566
"36" 38 29 "Hilmand" 2906 "Naw Zad" 4135.19600425 413519.600425 4.31215266789 2306 "Southern" 48600 24900 23700 0 0 0 48600 24900 23700 11.753
"37" 39 29 "Hilmand" 2904 "Musa Qala" 1693.82297733 169382.297733 2.04508968016 2304 "Southern" 56500 29000 27500 0 0 0 56500 29000 27500 33.356
"38" 40 29 "Hilmand" 2905 "Baghran" 3124.39714566 312439.714566 3.11994608428 2305 "Southern" 78000 40000 38000 0 0 0 78000 40000 38000 24.965
"39" 41 30 "Kandahar" 3009 "Registan" 13679.9297195 1367992.97195 4.60445494127 2409 "Southern" 8500 4400 4100 0 0 0 8500 4400 4100 0.621
"40" 42 30 "Kandahar" 3010 "Shorabak" 4033.62620489 403362.620489 2.8315911215 2410 "Southern" 11000 5600 5400 0 0 0 11000 5600 5400 2.727
"41" 43 30 "Kandahar" 3011 "Spin Boldak" 5644.20076089 564420.076089 3.50349976515 2411 "Southern" 108400 55800 52600 0 0 0 108400 55800 52600 19.206
"42" 44 30 "Kandahar" 3012 "Arghistan" 3908.88030118 390888.030118 3.54865905938 2412 "Southern" 33000 16900 16100 0 0 0 33000 16900 16100 8.442
"43" 45 30 "Kandahar" 3008 "Panjwayi" 5963.25386497 596325.386497 3.40674570583 2408 "Southern" 83300 42400 40900 0 0 0 83300 42400 40900 13.969
"44" 46 30 "Kandahar" 3001 "Kandahar" 777.88488232 77788.488232 1.24918882915 2401 "Southern" 521100 267800 253300 385700 198500 187200 135400 69300 66100 669.893
"45" 47 30 "Kandahar" 3002 "Daman" 4135.77058423 413577.058423 4.45331035343 2402 "Southern" 33200 17100 16100 0 0 0 33200 17100 16100 8.028
"46" 48 30 "Kandahar" 3003 "Shah Wali Kot" 3228.84419233 322884.419233 3.43499212096 2403 "Southern" 41400 21200 20200 0 0 0 41400 21200 20200 12.822
"47" 49 30 "Kandahar" 3004 "Arghandab" 578.844936205 57884.4936205 1.17472196272 2404 "Southern" 59300 30500 28800 0 0 0 59300 30500 28800 102.445
"48" 50 30 "Kandahar" 3007 "Maywand" 2858.35458415 285835.458415 2.33120238545 2407 "Southern" 56000 28400 27600 0 0 0 56000 28400 27600 19.592
"49" 51 30 "Kandahar" 3006 "Ghorak" 1503.59390796 150359.390796 1.9983977626 2406 "Southern" 9200 4700 4500 0 0 0 9200 4700 4500 6.119
"50" 52 30 "Kandahar" 3016 "Zhari" 665.196580374 66519.6580374 1.2231228144 2416 "Southern" 82000 42000 40000 0 0 0 82000 42000 40000 123.272
"51" 53 30 "Kandahar" 3005 "Khakrez" 1616.32042974 161632.042974 2.22657294697 2405 "Southern" 21800 11100 10700 0 0 0 21800 11100 10700 13.487
"52" 54 31 "Badghis" 3102 "Ab Kamari" 1817.25136484 181725.136484 2.26428040634 1902 "Western" 70400 36000 34400 0 0 0 70400 36000 34400 38.74
"53" 55 31 "Badghis" 3107 "Muqur" 1133.06435423 113306.435423 2.28109152417 1907 "Western" 22700 11600 11100 0 0 0 22700 11600 11100 20.034
"54" 56 31 "Badghis" 3101 "Qala-I- Naw" 760.052494808 76005.2494808 1.51711739798 1901 "Western" 63000 32200 30800 13500 6900 6600 49500 25300 24200 82.889
"55" 57 22 "Uruzgan" 2205 "Dihrawud" 1644.74035723 164474.035723 2.34774297926 2609 "Southern" 58200 30100 28100 3100 1600 1500 55100 28500 26600 35.386
"56" 58 22 "Uruzgan" 2204 "Shahidi Hassas" 1828.15740253 182815.740253 2.32599911345 2608 "Southern" 56500 28700 27800 0 0 0 56500 28700 27800 30.905
"57" 59 30 "Kandahar" 3015 "Nesh" 1302.7245672 130272.45672 1.80173091493 2415 "Southern" 12800 6500 6300 0 0 0 12800 6500 6300 9.826
"58" 60 31 "Badghis" 3103 "Qadis" 3385.34990084 338534.990084 3.48240524377 1903 "Western" 87000 44800 42200 0 0 0 87000 44800 42200 25.699
"59" 61 20 "Ghor" 2003 "Tulak" 2714.89191892 271489.191892 2.64495861523 2703 "Western" 49200 25400 23800 0 0 0 49200 25400 23800 18.122
"60" 62 20 "Ghor" 2004 "Saghar" 2643.74504017 264374.504017 3.12402211046 2704 "Western" 33200 17200 16000 0 0 0 33200 17200 16000 12.558
"61" 63 22 "Uruzgan" 2201 "Tirin Kot" 1765.96494004 176596.494004 2.34130493061 2601 "Southern" 98200 51000 47200 6300 3200 3100 91900 47800 44100 55.607
"62" 64 27 "Jawzjan" 2708 "Fayzabad" 1160.02160952 116002.160952 1.93105087167 1708 "Northern" 39700 20300 19400 0 0 0 39700 20300 19400 34.224
"63" 65 27 "Jawzjan" 2704 "Mangajek" 1028.9832965 102898.32965 1.46639701112 1704 "Northern" 41000 21000 20000 0 0 0 41000 21000 20000 39.845
"64" 66 27 "Jawzjan" 2702 "Khwaja Du Koh" 2182.38807499 218238.807499 1.96165974356 1702 "Northern" 25800 13200 12600 0 0 0 25800 13200 12600 11.822
"65" 67 27 "Jawzjan" 2701 "Shibirghan" 2263.56982094 226356.982094 2.49238610365 1701 "Northern" 158700 80400 78300 74800 37900 36900 83900 42500 41400 70.11
"66" 68 27 "Jawzjan" 2711 "Qush Tepa" 861.164450639 86116.4450639 1.27549085373 1711 "Northern" 22500 11500 11000 0 0 0 22500 11500 11000 26.127
"67" 69 27 "Jawzjan" 2703 "Darzab" 453.05064939 45305.064939 1.28085892291 1703 "Northern" 46800 23900 22900 1800 900 900 45000 23000 22000 103.3
"68" 70 27 "Jawzjan" 2710 "Khaniqa" 464.922828114 46492.2828114 1.06584613552 1710 "Northern" 37700 19100 18600 0 0 0 37700 19100 18600 81.089
"69" 71 19 "Sari Pul" 1901 "Sari Pul" 2036.97929718 203697.929718 3.01235334138 3101 "Northern" 148100 76100 72000 28200 14500 13700 119900 61600 58300 72.706
"70" 72 19 "Sari Pul" 1906 "Sayyad" 1251.69484375 125169.484375 1.81307456263 3106 "Northern" 52200 27000 25200 0 0 0 52200 27000 25200 41.703
"71" 73 19 "Sari Pul" 1903 "Kohistanat" 6093.90012162 609390.012162 4.87065890128 3103 "Northern" 76500 39200 37300 0 0 0 76500 39200 37300 12.554
"72" 74 28 "Faryab" 2811 "Khani Chahar Bagh" 910.665087572 91066.5087572 1.42486916276 1811 "Northern" 22100 11200 10900 0 0 0 22100 11200 10900 24.268
"73" 75 28 "Faryab" 2812 "Andkhoy" 380.723744605 38072.3744605 1.02416270912 1812 "Northern" 37800 19000 18800 30300 15200 15100 7500 3800 3700 99.285
"74" 76 28 "Faryab" 2814 "Qurghan" 796.50733207 79650.733207 1.14296764435 1814 "Northern" 45000 22800 22200 0 0 0 45000 22800 22200 56.497
"75" 77 28 "Faryab" 2810 "Qaramqol" 1067.91037264 106791.037264 1.80952705706 1810 "Northern" 18700 9400 9300 0 0 0 18700 9400 9300 17.511
"76" 78 28 "Faryab" 2809 "Dawlatabad" 2720.91150585 272091.150585 2.77426917225 1809 "Northern" 46500 23700 22800 4700 2400 2300 41800 21300 20500 17.09
"77" 79 28 "Faryab" 2808 "Shirin Tagab" 1924.29460553 192429.460553 3.0258755794 1808 "Northern" 77900 39800 38100 0 0 0 77900 39800 38100 40.482
"78" 80 28 "Faryab" 2813 "Khwaja Sabz Posh" 511.109585392 51110.9585392 1.18741607631 1813 "Northern" 48600 25000 23600 0 0 0 48600 25000 23600 95.087
"79" 81 28 "Faryab" 2801 "Maymana" 133.771689959 13377.1689959 0.61513664678 1801 "Northern" 76700 39200 37500 76700 39200 37500 0 0 0 573.365
"80" 82 28 "Faryab" 2806 "Bilchiragh" 1189.26429919 118926.429919 2.35478326094 1806 "Northern" 49900 25600 24300 0 0 0 49900 25600 24300 41.959
"81" 83 28 "Faryab" 2802 "Pashtun Kot" 2767.44458004 276744.458004 3.80849782209 1802 "Northern" 180500 92800 87700 0 0 0 180500 92800 87700 65.223
"82" 84 28 "Faryab" 2803 "Almar" 1484.55232513 148455.232513 2.31714159934 1803 "Northern" 67300 34100 33200 0 0 0 67300 34100 33200 45.334
"83" 85 28 "Faryab" 2804 "Qaysar" 2502.48809669 250248.809669 2.87578966626 1804 "Northern" 136200 69700 66500 0 0 0 136200 69700 66500 54.426
"84" 86 28 "Faryab" 2807 "Gurziwan" 1875.29643211 187529.643211 2.3474880397 1807 "Northern" 72500 36800 35700 0 0 0 72500 36800 35700 38.661
"85" 87 28 "Faryab" 2805 "Kohistan" 2254.04470744 225404.470744 2.94355907039 1805 "Northern" 52100 26500 25600 0 0 0 52100 26500 25600 23.114
"86" 88 21 "Daykundi" 2102 "Gizab" 3636.41197804 363641.197804 4.66451719865 3402 "Capital" 64800 33300 31500 3500 1800 1700 61300 31500 29800 17.82
"87" 89 21 "Daykundi" 2101 "Nili" 554.288378909 55428.8378909 1.39374009121 3401 "Capital" 39000 20000 19000 0 0 0 39000 20000 19000 70.36
"88" 90 21 "Daykundi" 2103 "Ishtarlay" 1359.71967593 135971.967593 2.24047654692 3403 "Capital" 45500 23400 22100 0 0 0 45500 23400 22100 33.463
"89" 91 21 "Daykundi" 2108 "Sangi Takht" 1945.53224082 194553.224082 2.83959268339 3408 "Capital" 48400 24800 23600 0 0 0 48400 24800 23600 24.878
"90" 92 20 "Ghor" 2007 "Lal Wa Sarjangal" 3883.31687958 388331.687958 3.23005985127 2707 "Western" 107100 53900 53200 0 0 0 107100 53900 53200 27.58
"91" 93 20 "Ghor" 2009 "Dawlat Yar" 1639.29037172 163929.037172 1.91875926251 2709 "Western" 31200 15700 15500 0 0 0 31200 15700 15500 19.033
"92" 94 20 "Ghor" 2001 "Chaghcharan" 7679.62477619 767962.477619 6.43922221248 2701 "Western" 129600 65700 63900 6500 3300 3200 123100 62400 60700 16.876
"93" 95 20 "Ghor" 2008 "Charsada" 1345.71323604 134571.323604 2.09924710461 2708 "Western" 26200 13400 12800 0 0 0 26200 13400 12800 19.469
"94" 96 20 "Ghor" 2010 "Du Layna" 4626.86409834 462686.409834 4.67773514371 2710 "Western" 34500 17500 17000 0 0 0 34500 17500 17000 7.456
"95" 97 31 "Badghis" 3105 "Ghormach" 2083.25305996 208325.305996 2.23458974271 1905 "Western" 52700 26900 25800 0 0 0 52700 26900 25800 25.297
"96" 98 31 "Badghis" 3106 "Bala Murghab" 4491.30951789 449130.951789 4.10316879747 1906 "Western" 92900 47500 45400 0 0 0 92900 47500 45400 20.684
"97" 99 31 "Badghis" 3104 "Jawand" 7146.26802673 714626.802673 4.61455837743 1904 "Western" 75400 38200 37200 0 0 0 75400 38200 37200 10.551
"98" 100 32 "Hirat" 3215 "Chishti Sharif" 2575.45684618 257545.684618 2.9956162726 2015 "Western" 22700 11600 11100 0 0 0 22700 11600 11100 8.814
"99" 101 20 "Ghor" 2002 "Shahrak" 4349.71469807 434971.469807 3.67903496185 2702 "Western" 57200 29600 27600 0 0 0 57200 29600 27600 13.15
"100" 102 20 "Ghor" 2005 "Taywara" 3629.32174323 362932.174323 3.27919321775 2705 "Western" 87400 45300 42100 0 0 0 87400 45300 42100 24.082
"101" 103 29 "Hilmand" 2907 "Washer" 4318.97252181 431897.252181 3.18366086908 2307 "Southern" 14900 7600 7300 0 0 0 14900 7600 7300 3.45
"102" 104 34 "Nimroz" 3406 "Dilaram" 2476.01182702 247601.182702 2.1033020413 2206 "Southern" 6200 3200 3000 0 0 0 6200 3200 3000 2.504
"103" 105 20 "Ghor" 2006 "Pasaband" 4537.04780847 453704.780847 4.00291050236 2706 "Western" 90700 46400 44300 0 0 0 90700 46400 44300 19.991
"104" 106 21 "Daykundi" 2105 "Khadir" 1583.15066394 158315.066394 2.24216156171 3405 "Capital" 44600 22900 21700 0 0 0 44600 22900 21700 28.172
"105" 107 21 "Daykundi" 2106 "Gaiti" 1452.73664879 145273.664879 2.488037683 3406 "Capital" 32000 16500 15500 0 0 0 32000 16500 15500 22.027
"106" 108 21 "Daykundi" 2104 "Kajran" 1886.72443244 188672.443244 2.62302963204 3404 "Capital" 33500 17200 16300 0 0 0 33500 17200 16300 17.756
"107" 109 22 "Uruzgan" 2202 "Chora" 3005.99455334 300599.455334 3.64031943642 2602 "Southern" 48800 24900 23900 0 0 0 48800 24900 23900 16.234
"108" 110 32 "Hirat" 3201 "Hirat" 1255.95744205 125595.744205 1.61979556633 2001 "Western" 423300 215000 208300 423300 215000 208300 0 0 0 337.034
"109" 111 32 "Hirat" 3202 "Injil" 190.29691963 19029.691963 0.58329807031 2002 "Western" 233900 118900 115000 0 0 0 233900 118900 115000 1229.132
"110" 112 32 "Hirat" 3211 "Adraskan" 10070.2211658 1007022.11658 6.80518196296 2011 "Western" 51400 25900 25500 0 0 0 51400 25900 25500 5.104
"111" 113 30 "Kandahar" 3014 "Miya Nishin" 917.551197947 91755.1197947 1.64606149071 2414 "Southern" 14400 7400 7000 0 0 0 14400 7400 7000 15.694
"112" 114 23 "Zabul" 2305 "Mizan" 1107.90897021 110790.897021 1.52103380355 2505 "Southern" 13100 6700 6400 0 0 0 13100 6700 6400 11.824
"113" 115 23 "Zabul" 2306 "Tarnak Wa Jaldak" 1475.97307222 147597.307222 1.97726081405 2506 "Southern" 16400 8400 8000 0 0 0 16400 8400 8000 11.111
"114" 116 23 "Zabul" 2308 "Atghar" 490.996446687 49099.6446687 1.22443787893 2508 "Southern" 8400 4300 4100 0 0 0 8400 4300 4100 17.108
"115" 117 23 "Zabul" 2301 "Qalat" 1828.2581542 182825.81542 2.06889670622 2501 "Southern" 33700 17300 16400 11200 5800 5400 22500 11500 11000 18.433
"116" 118 23 "Zabul" 2304 "Daychopan" 1645.70107851 164570.107851 2.68813943239 2504 "Southern" 37600 19200 18400 0 0 0 37600 19200 18400 22.847
"117" 119 6 "Nangarhar" 616 "Goshta" 520.646447901 52064.6447901 1.10491571647 816 "Eastern" 26100 13300 12800 0 0 0 26100 13300 12800 50.13
"118" 120 6 "Nangarhar" 615 "Lal Por" 476.378380206 47637.8380206 1.04303329964 815 "Eastern" 19600 10000 9600 0 0 0 19600 10000 9600 41.144
"119" 121 6 "Nangarhar" 614 "Muhmand Dara" 202.502626779 20250.2626779 0.87835627614 814 "Eastern" 42900 22000 20900 0 0 0 42900 22000 20900 211.849
"120" 122 6 "Nangarhar" 617 "Bati Kot" 144.087166085 14408.7166085 0.47855089372 817 "Eastern" 72400 36900 35500 0 0 0 72400 36900 35500 502.474
"121" 123 6 "Nangarhar" 618 "Kama" 235.824408911 23582.4408911 0.76686006846 818 "Eastern" 73500 37700 35800 0 0 0 73500 37700 35800 311.673
"122" 124 6 "Nangarhar" 619 "Kuz Kunar" 292.771032205 29277.1032205 0.82796163846 819 "Eastern" 52600 27100 25500 0 0 0 52600 27100 25500 179.663
"123" 125 6 "Nangarhar" 620 "Dara-I-Nur" 253.557421368 25355.7421368 0.62244024378 820 "Eastern" 38600 19700 18900 0 0 0 38600 19700 18900 152.234
"124" 126 6 "Nangarhar" 621 "Bihsud" 312.383929198 31238.3929198 1.17639842818 821 "Eastern" 108700 55200 53500 0 0 0 108700 55200 53500 347.969
"125" 127 6 "Nangarhar" 601 "Jalalabad" 28.9325506534 2893.25506534 0.254871042 801 "Eastern" 200400 103200 97200 200400 103200 97200 0 0 0 6926.455
"126" 128 6 "Nangarhar" 602 "Surkh Rod" 368.607998689 36860.7998689 0.95853581108 802 "Eastern" 115200 59300 55900 0 0 0 115200 59300 55900 312.527
"127" 129 6 "Nangarhar" 612 "Dur Baba" 268.240531214 26824.0531214 0.74494567939 812 "Eastern" 22300 11500 10800 0 0 0 22300 11500 10800 83.134
"128" 130 6 "Nangarhar" 613 "Shinwar" 164.004768349 16400.4768349 0.6399106852 813 "Eastern" 57300 29200 28100 0 0 0 57300 29200 28100 349.38
"129" 131 6 "Nangarhar" 611 "Nazyan" 211.280757246 21128.0757246 0.77712449198 811 "Eastern" 14000 7300 6700 0 0 0 14000 7300 6700 66.263
"130" 132 6 "Nangarhar" 610 "Acheen" 451.015658505 45101.5658505 1.02199565305 810 "Eastern" 95900 48800 47100 0 0 0 95900 48800 47100 212.631
"131" 133 6 "Nangarhar" 622 "Kot" 178.732978552 17873.2978552 0.69418606712 822 "Eastern" 49800 25200 24600 0 0 0 49800 25200 24600 278.628
"132" 134 6 "Nangarhar" 609 "Rodat" 366.232912085 36623.2912085 0.96962166703 809 "Eastern" 66000 33900 32100 0 0 0 66000 33900 32100 180.213
"133" 135 6 "Nangarhar" 608 "Deh Bala" 385.182321428 38518.2321428 0.89428765197 808 "Eastern" 38600 19800 18800 0 0 0 38600 19800 18800 100.212
"134" 136 6 "Nangarhar" 606 "Chaparhar" 225.660458739 22566.0458739 0.68336399469 806 "Eastern" 57600 29300 28300 0 0 0 57600 29300 28300 255.251
"135" 137 6 "Nangarhar" 607 "Pachier Agam" 471.476981032 47147.6981032 1.03845360522 807 "Eastern" 40700 20900 19800 0 0 0 40700 20900 19800 86.324
"136" 138 6 "Nangarhar" 605 "Khogayani" 655.008318893 65500.8318893 1.61419339131 805 "Eastern" 124700 64000 60700 4300 2200 2100 120400 61800 58600 190.379
"137" 139 6 "Nangarhar" 604 "Shirzad" 471.445190869 47144.5190869 1.05226682255 804 "Eastern" 63300 32200 31100 0 0 0 63300 32200 31100 134.268
"138" 140 6 "Nangarhar" 603 "Hesarak" 680.176965925 68017.6965925 1.61027080608 803 "Eastern" 29400 15000 14400 0 0 0 29400 15000 14400 43.224
"139" 141 5 "Logar" 506 "Azra" 754.404125392 75440.4125392 1.61156178442 506 "Capital" 19400 10000 9400 0 0 0 19400 10000 9400 25.716
"140" 142 12 "Paktya" 1211 "Ali Khail (Jaji)" 606.282769676 60628.2769676 1.56014163017 723 "Capital" 60200 30900 29300 0 0 0 60200 30900 29300 99.294
"141" 143 12 "Paktya" 1207 "Dand Patan" 207.018740467 20701.8740467 0.79469252881 717 "Capital" 25300 13000 12300 0 0 0 25300 13000 12300 122.211
"142" 144 12 "Paktya" 1208 "Chamkani" 298.572694678 29857.2694678 0.89466929422 718 "Capital" 47800 24100 23700 0 0 0 47800 24100 23700 160.095
"143" 145 12 "Paktya" 1209 "Laja Ahmad Khail" 422.238538597 42223.8538597 1.10446175527 719 "Capital" 21800 11200 10600 0 0 0 21800 11200 10600 51.63
"144" 146 12 "Paktya" 1210 "Sayed Karam" 447.441176556 44744.1176556 1.03324677058 722 "Capital" 61500 31600 29900 0 0 0 61500 31600 29900 137.448
"145" 147 12 "Paktya" 1205 "Ahmad Abad" 423.438001741 42343.8001741 1.18917433952 705 "Capital" 26700 13400 13300 0 0 0 26700 13400 13300 63.055
"146" 148 12 "Paktya" 1206 "Jani Khail" 144.120675855 14412.0675855 0.65125005649 716 "Capital" 33400 17200 16200 0 0 0 33400 17200 16200 231.75
"147" 149 12 "Paktya" 1201 "Gardiz" 704.840639981 70484.0639981 1.46607507566 701 "Capital" 79600 40600 39000 22600 11500 11100 57000 29100 27900 112.933
"148" 150 12 "Paktya" 1202 "Zurmat" 1421.38646064 142138.646064 1.84491038326 702 "Capital" 102800 52600 50200 0 0 0 102800 52600 50200 72.324
"149" 151 12 "Paktya" 1203 "Shawak" 120.248370111 12024.8370111 0.51184693405 703 "Capital" 5300 2700 2600 0 0 0 5300 2700 2600 44.075
"150" 152 12 "Paktya" 1204 "Zadran" 484.631474605 48463.1474605 1.19519513508 704 "Capital" 33900 17500 16400 0 0 0 33900 17500 16400 69.95
"151" 153 25 "Khost" 2502 "Jaji Maidan" 327.530904027 32753.0904027 0.86962530231 3202 "Capital" 23000 11900 11100 0 0 0 23000 11900 11100 70.222
"152" 154 25 "Khost" 2510 "Bak" 170.728406069 17072.8406069 0.7250966083 3210 "Capital" 21200 10800 10400 0 0 0 21200 10800 10400 124.174
"153" 155 25 "Khost" 2509 "Sabri" 413.237021326 41323.7021326 1.04488497793 3209 "Capital" 67800 34500 33300 0 0 0 67800 34500 33300 164.07
"154" 156 25 "Khost" 2507 "Tere Zayi" 395.629550644 39562.9550644 1.07203478154 3207 "Capital" 42700 22000 20700 0 0 0 42700 22000 20700 107.929
"155" 157 25 "Khost" 2505 "Mosa Khail" 430.160649168 43016.0649168 1.25145759339 3205 "Capital" 39200 20000 19200 0 0 0 39200 20000 19200 91.129
"156" 158 25 "Khost" 2512 "Qalandar" 157.87277017 15787.277017 0.65949880484 3212 "Capital" 9800 5100 4700 0 0 0 9800 5100 4700 62.075
"157" 159 25 "Khost" 2508 "Nadir Shah Kot" 330.584496148 33058.4496148 0.94341755217 3208 "Capital" 30400 15700 14700 0 0 0 30400 15700 14700 91.958
"158" 160 25 "Khost" 2501 "Khost(Matun)" 483.708578613 48370.8578613 1.24966209383 3201 "Capital" 131500 66900 64600 10700 5500 5200 120800 61400 59400 271.858
"159" 161 25 "Khost" 2511 "Gurbuz" 300.258501261 30025.8501261 0.79393060867 3211 "Capital" 25000 12900 12100 0 0 0 25000 12900 12100 83.262
"160" 162 25 "Khost" 2506 "Mando Zayi" 122.235213415 12223.5213415 0.52107359386 3206 "Capital" 54000 27800 26200 0 0 0 54000 27800 26200 441.771
"161" 163 25 "Khost" 2503 "Tani" 489.762830329 48976.2830329 1.16355235535 3203 "Capital" 57000 29000 28000 0 0 0 57000 29000 28000 116.383
"162" 164 25 "Khost" 2513 "Shamal" 172.940531627 17294.0531627 0.60563065144 3213 "Capital" 13000 6700 6300 0 0 0 13000 6700 6300 75.17
"163" 165 25 "Khost" 2504 "Spira" 493.634590705 49363.4590705 1.08265351345 3204 "Capital" 23200 12000 11200 0 0 0 23200 12000 11200 46.998
"164" 166 5 "Logar" 505 "Mohammad Agha" 1035.08103337 103508.103337 1.63297184653 505 "Capital" 72200 36900 35300 0 0 0 72200 36900 35300 69.753
"165" 167 5 "Logar" 504 "Khoshi" 437.987462674 43798.7462674 0.93685479959 504 "Capital" 23100 11700 11400 0 0 0 23100 11700 11400 52.741
"166" 168 5 "Logar" 501 "Puli Alam" 1132.38620182 113238.620182 1.99905940732 501 "Capital" 101100 51300 49800 5100 2600 2500 96000 48700 47300 89.28
"167" 169 5 "Logar" 503 "Baraki Barak" 275.707435285 27570.7435285 0.84243568412 503 "Capital" 83600 42500 41100 4000 2000 2000 79600 40500 39100 303.22
"168" 170 5 "Logar" 502 "Charkh" 282.64022009 28264.022009 0.78586605244 502 "Capital" 42500 21600 20900 0 0 0 42500 21600 20900 150.368
"169" 171 5 "Logar" 507 "Kharwar" 465.742143297 46574.2143297 1.21139716845 507 "Capital" 25100 12700 12400 0 0 0 25100 12700 12400 53.892
"170" 172 13 "Kunar" 1314 "Khas Kunar" 365.88482177 36588.482177 1.018111283 1015 "Eastern" 33500 17000 16500 0 0 0 33500 17000 16500 91.559
"171" 173 13 "Kunar" 1313 "Nurgal" 309.33695208 30933.695208 0.76189318659 1014 "Eastern" 30200 15600 14600 0 0 0 30200 15600 14600 97.628
"172" 174 13 "Kunar" 1312 "Chawkay" 237.325487681 23732.5487681 0.76611527128 1013 "Eastern" 34100 17500 16600 0 0 0 34100 17500 16600 143.685
"173" 175 13 "Kunar" 1311 "Narang" 195.149107486 19514.9107486 0.65953504842 1012 "Eastern" 28900 14700 14200 0 0 0 28900 14700 14200 148.092
"174" 176 13 "Kunar" 1309 "Chapa Dara" 602.186544879 60218.6544879 1.12856881292 1010 "Eastern" 29700 15300 14400 0 0 0 29700 15300 14400 49.32
"175" 177 13 "Kunar" 1301 "Asadabad" 84.1663654143 8416.63654143 0.54470412862 1001 "Eastern" 31700 16400 15300 12700 6600 6100 19000 9800 9200 376.635
"176" 178 13 "Kunar" 1315 "Sarkani" 199.0614778 19906.14778 0.73044049937 1016 "Eastern" 26000 13200 12800 0 0 0 26000 13200 12800 130.613
"177" 179 13 "Kunar" 1302 "Marawara" 147.223248503 14722.3248503 0.56133922676 1002 "Eastern" 19600 9900 9700 0 0 0 19600 9900 9700 133.131
"178" 180 13 "Kunar" 1307 "Shaygal wa shital" 435.488048148 43548.8048148 1.08503062822 1007 "Eastern" 28000 14300 13700 0 0 0 28000 14300 13700 64.296
"179" 181 13 "Kunar" 1310 "Dara-I-Pech" 560.495482942 56049.5482942 1.14139179769 1011 "Eastern" 52300 26900 25400 0 0 0 52300 26900 25400 93.31
"180" 182 13 "Kunar" 1308 "Wata Pur" 257.407812383 25740.7812383 0.71952722409 1008 "Eastern" 26200 13400 12800 0 0 0 26200 13400 12800 101.784
"181" 183 13 "Kunar" 1304 "Dangam" 196.998526399 19699.8526399 0.74309049701 1004 "Eastern" 16200 8300 7900 0 0 0 16200 8300 7900 82.234
"182" 184 13 "Kunar" 1303 "Bar Kunar" 180.403056369 18040.3056369 0.7487005536 1003 "Eastern" 21000 10700 10300 0 0 0 21000 10700 10300 116.406
"183" 185 13 "Kunar" 1306 "Ghaziabad" 556.178908914 55617.8908914 1.13044162416 1006 "Eastern" 17900 9100 8800 0 0 0 17900 9100 8800 32.184
"184" 186 13 "Kunar" 1305 "Nari" 536.119939259 53611.9939259 1.34249169151 1005 "Eastern" 26400 13600 12800 0 0 0 26400 13600 12800 49.243
"185" 187 24 "Paktika" 2412 "Ziruk" 220.767595887 22076.7595887 0.70433024548 2912 "Capital" 18400 9400 9000 0 0 0 18400 9400 9000 83.346
"186" 188 24 "Paktika" 2413 "Nika" 130.083323322 13008.3323322 0.51530076088 2913 "Capital" 11900 6200 5700 0 0 0 11900 6200 5700 91.48
"187" 189 24 "Paktika" 2410 "Gayan" 235.945858698 23594.5858698 0.6185948432 2910 "Capital" 33300 17100 16200 0 0 0 33300 17100 16200 141.134
"188" 190 24 "Paktika" 2411 "Urgun" 488.794325643 48879.4325643 1.20160257661 2911 "Capital" 52800 27100 25700 0 0 0 52800 27100 25700 108.021
"189" 191 24 "Paktika" 2414 "Sar Hawza" 697.602986619 69760.2986619 1.26437795774 2914 "Capital" 22200 11400 10800 0 0 0 22200 11400 10800 31.823
"190" 192 24 "Paktika" 2415 "Mata Khan" 407.36035686 40736.035686 0.79959325778 2915 "Capital" 23800 12200 11600 0 0 0 23800 12200 11600 58.425
"191" 193 24 "Paktika" 2401 "Sharan" 536.672520737 53667.2520737 1.1475288504 2901 "Capital" 47900 24600 23300 2600 1400 1200 45300 23200 22100 89.254
"192" 194 24 "Paktika" 2409 "Barmal" 1285.40773822 128540.773822 1.82346255894 2909 "Capital" 33300 17100 16200 0 0 0 33300 17100 16200 25.906
"193" 195 24 "Paktika" 2408 "Sarobi" 308.411994449 30841.1994449 0.84747263367 2908 "Capital" 12000 6100 5900 0 0 0 12000 6100 5900 38.909
"194" 196 24 "Paktika" 2407 "Omna" 462.65270729 46265.270729 0.97453679757 2907 "Capital" 11600 6000 5600 0 0 0 11600 6000 5600 25.073
"195" 197 24 "Paktika" 2419 "Yosuf Khel" 525.106431992 52510.6431992 1.24122337286 2919 "Capital" 12900 6600 6300 0 0 0 12900 6600 6300 24.566
"196" 198 24 "Paktika" 2418 "Yahya Khel" 335.794146572 33579.4146572 0.73294968596 2918 "Capital" 16600 8500 8100 0 0 0 16600 8500 8100 49.435
"197" 199 24 "Paktika" 2402 "Zarghun Shahr" 478.20047755 47820.047755 0.99931631301 2902 "Capital" 28500 14600 13900 0 0 0 28500 14600 13900 59.598
"198" 200 24 "Paktika" 2416 "Jani Khel" 962.81137562 96281.137562 1.47485704712 2916 "Capital" 22900 11800 11100 0 0 0 22900 11800 11100 23.785
"199" 201 24 "Paktika" 2403 "Dila" 1523.87747773 152387.747773 2.071422726 2903 "Capital" 24100 12400 11700 0 0 0 24100 12400 11700 15.815
"200" 202 24 "Paktika" 2404 "Waza Khwa" 1768.63053298 176863.053298 2.03341565022 2904 "Capital" 22100 11300 10800 0 0 0 22100 11300 10800 12.496
"201" 203 24 "Paktika" 2406 "Gomal" 4078.43259297 407843.259297 3.28619789171 2906 "Capital" 7400 3800 3600 0 0 0 7400 3800 3600 1.814
"202" 204 24 "Paktika" 2417 "Turwo" 1422.65946609 142265.946609 1.97447592439 2917 "Capital" 2000 1000 1000 0 0 0 2000 1000 1000 1.406
"203" 205 24 "Paktika" 2405 "Wor Mayi" 3200.41523687 320041.523687 3.00050924877 2905 "Capital" 3400 1700 1700 0 0 0 3400 1700 1700 1.062
"204" 206 11 "Ghazni" 1110 "Nawa" 1659.59783742 165959.783742 2.05965313727 610 "Capital" 28400 14600 13800 0 0 0 28400 14600 13800 17.113
"205" 207 11 "Ghazni" 1109 "Gelan" 1113.07842898 111307.842898 1.84762881599 609 "Capital" 55300 28300 27000 0 0 0 55300 28300 27000 49.682
"206" 208 11 "Ghazni" 1108 "Muqur" 885.00271778 88500.271778 1.42687677015 608 "Capital" 48100 24900 23200 0 0 0 48100 24900 23200 54.35
"207" 209 11 "Ghazni" 1111 "Ab Band" 1007.61056568 100761.056568 1.39245137324 611 "Capital" 26300 13600 12700 0 0 0 26300 13600 12700 26.101
"208" 210 11 "Ghazni" 1112 "Giro" 866.793785132 86679.3785132 1.51072876829 612 "Capital" 35000 18200 16800 0 0 0 35000 18200 16800 40.379
"209" 211 11 "Ghazni" 1114 "Andar" 715.623024031 71562.3024031 1.30813215798 614 "Capital" 119200 61200 58000 0 0 0 119200 61200 58000 166.568
"210" 212 11 "Ghazni" 1115 "Dih Yak" 714.718912704 71471.8912704 1.15588700803 615 "Capital" 46700 23800 22900 0 0 0 46700 23800 22900 65.34
"211" 213 11 "Ghazni" 1116 "Zana Khan" 297.437076342 29743.7076342 0.86209968346 616 "Capital" 12000 6200 5800 0 0 0 12000 6200 5800 40.345
"212" 214 11 "Ghazni" 1101 "Ghazni" 375.771431712 37577.1431712 1.01045154313 601 "Capital" 154800 78800 76000 55200 28200 27000 99600 50600 49000 411.953
"213" 215 11 "Ghazni" 1103 "Khwaja Umari" 207.703177032 20770.3177032 0.77369532639 603 "Capital" 18100 9100 9000 0 0 0 18100 9100 9000 87.144
"214" 216 11 "Ghazni" 1117 "Rashidan" 394.090538837 39409.0538837 0.90364710715 617 "Capital" 17200 8800 8400 0 0 0 17200 8800 8400 43.645
"215" 217 11 "Ghazni" 1119 "Wali Muhammadi Shahid" 182.872724757 18287.2724757 0.74874548408 601 "Capital" 19200 9900 9300 0 0 0 19200 9900 9300 104.991
"216" 218 11 "Ghazni" 1118 "Waghaz" 417.077916437 41707.7916437 0.82963588142 618 "Capital" 36900 19000 17900 0 0 0 36900 19000 17900 88.473
"217" 219 11 "Ghazni" 1102 "Bahrami Shahid (Jaghatu)" 589.361920272 58936.1920272 1.36221136058 602 "Capital" 30300 15500 14800 0 0 0 30300 15500 14800 51.412
"218" 220 11 "Ghazni" 1113 "Qarabagh" 1570.02690368 157002.690368 2.02625369967 613 "Capital" 136600 69800 66800 0 0 0 136600 69800 66800 87.005
"219" 221 14 "Nuristan" 1402 "Kamdesh" 1220.19974912 122019.974912 1.82902174025 3002 "Eastern" 24100 12000 12100 0 0 0 24100 12000 12100 19.751
"220" 222 14 "Nuristan" 1403 "Waygal" 746.104337954 74610.4337954 1.39069984901 3003 "Eastern" 18800 9900 8900 0 0 0 18800 9900 8900 25.198
"221" 223 14 "Nuristan" 1406 "Wama" 276.68733741 27668.733741 0.8306750875 3006 "Eastern" 10600 5400 5200 0 0 0 10600 5400 5200 38.31
"222" 224 14 "Nuristan" 1408 "Nurgaram" 927.376992174 92737.6992174 1.52914768538 3008 "Eastern" 31000 15900 15100 0 0 0 31000 15900 15100 33.428
"223" 225 7 "Laghman" 703 "Alingar" 838.765951684 83876.5951684 1.4707069018 903 "Eastern" 92500 47400 45100 0 0 0 92500 47400 45100 110.281
"224" 226 7 "Laghman" 702 "Qarghayi" 956.797834473 95679.7834473 1.76341491448 902 "Eastern" 93700 48000 45700 0 0 0 93700 48000 45700 97.931
"225" 227 7 "Laghman" 701 "Mihtarlam" 720.117295711 72011.7295711 1.5612157108 901 "Eastern" 123800 63600 60200 4700 2500 2200 119100 61100 58000 171.916
"226" 228 15 "Badakhshan" 1506 "Wakhan" 10953.2772097 1095327.72097 10.1108629402 1106 "North Eastern" 14300 7300 7000 0 0 0 14300 7300 7000 1.306
"227" 229 15 "Badakhshan" 1507 "Ishkashiem" 1123.19104213 112319.104213 2.58855391687 1107 "North Eastern" 13200 6700 6500 0 0 0 13200 6700 6500 11.752
"228" 230 15 "Badakhshan" 1509 "Shighnan" 3528.48335978 352848.335978 3.01226686457 1109 "North Eastern" 26600 13700 12900 0 0 0 26600 13700 12900 7.539
"229" 231 15 "Badakhshan" 1517 "Darwazbala" 1330.19366412 133019.366412 2.41200493558 1117 "North Eastern" 22100 11100 11000 0 0 0 22100 11100 11000 16.614
"230" 232 15 "Badakhshan" 1510 "Darwaz" 1233.86506837 123386.506837 1.96094536442 1110 "North Eastern" 22100 11100 11000 0 0 0 22100 11100 11000 17.911
"231" 233 15 "Badakhshan" 1521 "Shaki" 630.491953226 63049.1953226 1.49782833433 1121 "North Eastern" 25200 12700 12500 0 0 0 25200 12700 12500 39.969
"232" 234 15 "Badakhshan" 1520 "Kuf Ab" 1419.48602696 141948.602696 1.99394735469 1120 "North Eastern" 21400 10700 10700 0 0 0 21400 10700 10700 15.076
"233" 235 15 "Badakhshan" 1511 "Khwahan" 734.158138144 73415.8138144 1.53114549056 1111 "North Eastern" 15900 8000 7900 0 0 0 15900 8000 7900 21.657
"234" 236 15 "Badakhshan" 1512 "Raghistan" 1276.03790444 127603.790444 2.18841382172 1112 "North Eastern" 37800 19400 18400 0 0 0 37800 19400 18400 29.623
"235" 237 15 "Badakhshan" 1515 "Argo" 1031.65695752 103165.695752 1.88035695893 1115 "North Eastern" 74900 38500 36400 0 0 0 74900 38500 36400 72.602
"236" 238 15 "Badakhshan" 1526 "Yaftal Sufla" 605.136029985 60513.6029985 1.19404596424 1126 "North Eastern" 50500 25400 25100 0 0 0 50500 25400 25100 83.452
"237" 239 15 "Badakhshan" 1519 "Kohistan" 603.555258301 60355.5258301 1.22309239809 1119 "North Eastern" 15800 8200 7600 0 0 0 15800 8200 7600 26.178
"238" 240 15 "Badakhshan" 1501 "Fayzabad" 513.689900888 51368.9900888 1.19566605266 1101 "North Eastern" 63500 32300 31200 30900 15800 15100 32600 16500 16100 123.615
"239" 241 15 "Badakhshan" 1514 "Arghanj Khaw" 611.520497267 61152.0497267 1.46097381055 1114 "North Eastern" 15400 7800 7600 0 0 0 15400 7800 7600 25.183
"240" 242 15 "Badakhshan" 1522 "Shahada" 1521.45044668 152145.044668 1.85459063928 1122 "North Eastern" 33100 17000 16100 0 0 0 33100 17000 16100 21.756
"241" 243 15 "Badakhshan" 1508 "Baharak" 327.975638373 32797.5638373 0.95135072696 1108 "North Eastern" 27500 13800 13700 0 0 0 27500 13800 13700 83.848
"242" 244 15 "Badakhshan" 1525 "Warduj
" 929.459955827 92945.9955827 1.59157371189 1125 "North Eastern" 20900 10700 10200 0 0 0 20900 10700 10200 22.486
"243" 245 15 "Badakhshan" 1518 "Khash" 263.951993097 26395.1993097 0.77119099599 1118 "North Eastern" 36500 18600 17900 0 0 0 36500 18600 17900 138.283
"244" 246 15 "Badakhshan" 1505 "Zebak" 1565.79057467 156579.057467 2.09004817699 1105 "North Eastern" 7500 3900 3600 0 0 0 7500 3900 3600 4.79
"245" 247 15 "Badakhshan" 1503 "Jurm" 1286.15975638 128615.975638 1.95793634704 1103 "North Eastern" 35900 18200 17700 3400 1800 1600 32500 16400 16100 27.913
"246" 248 15 "Badakhshan" 1516 "Darayim" 569.838832868 56983.8832868 1.27107683571 1116 "North Eastern" 58900 29900 29000 0 0 0 58900 29900 29000 103.363
"247" 249 15 "Badakhshan" 1524 "Tashkan" 811.609768304 81160.9768304 1.90770436727 1124 "North Eastern" 28500 14700 13800 0 0 0 28500 14700 13800 35.115
"248" 250 15 "Badakhshan" 1502 "Kishim" 777.299189013 77729.9189013 1.4438351989 1102 "North Eastern" 77400 39600 37800 0 0 0 77400 39600 37800 99.576
"249" 251 15 "Badakhshan" 1523 "Tagab (Kishmi Bala)" 1420.85637579 142085.637579 1.66041897003 1123 "North Eastern" 26800 13700 13100 0 0 0 26800 13700 13100 18.862
"250" 252 15 "Badakhshan" 1504 "Kuran Wa Munjan" 5187.86552614 518786.552614 4.32313332488 1104 "North Eastern" 9100 4600 4500 0 0 0 9100 4600 4500 1.754
"251" 253 15 "Badakhshan" 1527 "Yamgan (Girwan)" 1779.18089409 177918.089409 2.22297860377 1127 "North Eastern" 24600 12700 11900 0 0 0 24600 12700 11900 13.827
"252" 254 16 "Takhar" 1608 "Rustaq" 1939.02976118 193902.976118 2.13557419615 1208 "North Eastern" 156800 80400 76400 11900 6100 5800 144900 74300 70600 80.865
"253" 255 16 "Takhar" 1607 "Kalfagan" 479.589604761 47958.9604761 1.13811713564 1207 "North Eastern" 33700 17000 16700 0 0 0 33700 17000 16700 70.268
"254" 256 16 "Takhar" 1601 "Taluqan" 875.495475574 87549.5475574 1.83413008175 1201 "North Eastern" 214900 109400 105500 67000 33800 33200 147900 75600 72300 245.461
"255" 257 16 "Takhar" 1615 "Hazar Sumuch" 309.493923691 30949.3923691 0.96687974204 1215 "North Eastern" 13100 6700 6400 0 0 0 13100 6700 6400 42.327
"256" 258 16 "Takhar" 1613 "Baharak" 231.107046152 23110.7046152 0.82231261669 1213 "North Eastern" 29600 15100 14500 0 0 0 29600 15100 14500 128.079
"257" 259 16 "Takhar" 1606 "Farkhar" 1214.80369032 121480.369032 1.77223080445 1206 "North Eastern" 44800 22800 22000 2500 1200 1300 42300 21600 20700 36.878
"258" 260 16 "Takhar" 1605 "Warsaj" 2705.33038805 270533.038805 2.59983389912 1205 "North Eastern" 36300 18700 17600 0 0 0 36300 18700 17600 13.418
"259" 261 16 "Takhar" 1617 "Namak Ab" 584.225594696 58422.5594696 1.36811827147 1217 "North Eastern" 11700 6000 5700 0 0 0 11700 6000 5700 20.027
"260" 262 16 "Takhar" 1604 "Chal" 330.873765516 33087.3765516 1.09385512027 1204 "North Eastern" 26900 13900 13000 0 0 0 26900 13900 13000 81.3
"261" 263 16 "Takhar" 1602 "Bangi" 566.4718397 56647.18397 1.28464990296 1202 "North Eastern" 33600 17000 16600 0 0 0 33600 17000 16600 59.315
"262" 264 16 "Takhar" 1603 "Ishkamish" 806.50256935 80650.256935 1.48450414198 1203 "North Eastern" 56400 28500 27900 0 0 0 56400 28500 27900 69.932
"263" 265 16 "Takhar" 1616 "Khwaja Bahawuddin" 178.209075609 17820.9075609 0.55542018383 1216 "North Eastern" 22200 11100 11100 0 0 0 22200 11100 11100 124.573
"264" 266 17 "Kunduz" 1706 "Khanabad" 1122.47475063 112247.475063 2.049957983 1406 "North Eastern" 153500 77700 75800 38100 19600 18500 115400 58100 57300 136.751
"265" 267 17 "Kunduz" 1705 "Aliabad" 437.032269921 43703.2269921 1.00126598754 1405 "North Eastern" 45100 22800 22300 0 0 0 45100 22800 22300 103.196
"266" 268 17 "Kunduz" 1704 "Chahar Dara" 1240.77188855 124077.188855 2.01578823665 1404 "North Eastern" 70200 35700 34500 0 0 0 70200 35700 34500 56.578
"267" 269 17 "Kunduz" 1701 "Kunduz" 610.287467639 61028.7467639 1.73370690043 1401 "North Eastern" 297800 152100 145700 139600 71800 67800 158200 80300 77900 487.967
"268" 270 9 "Baghlan" 914 "Guzargahi Nur" 413.181782807 41318.1782807 0.94166576428 1315 "North Eastern" 9700 5100 4600 0 0 0 9700 5100 4600 23.476
"269" 271 9 "Baghlan" 913 "Farang Wa Gharu" 242.228641377 24222.8641377 0.73340018625 1314 "North Eastern" 15900 8100 7800 0 0 0 15900 8100 7800 65.64
"270" 272 9 "Baghlan" 908 "Khost Wa Firing" 1886.48594254 188648.594254 2.03774838676 1308 "North Eastern" 60300 31000 29300 0 0 0 60300 31000 29300 31.964
"271" 273 9 "Baghlan" 902 "Puli Hisar" 888.799578059 88879.9578059 1.54583925166 1317 "North Eastern" 26400 13700 12700 0 0 0 26400 13700 12700 29.703
"272" 274 9 "Baghlan" 910 "Burka" 837.863318229 83786.3318229 1.67032209263 1310 "North Eastern" 50400 25900 24500 0 0 0 50400 25900 24500 60.153
"273" 275 9 "Baghlan" 912 "Dih Salah" 462.36678095 46236.678095 0.99181587116 1313 "North Eastern" 30500 15800 14700 0 0 0 30500 15800 14700 65.965
"274" 276 9 "Baghlan" 915 "Khwaja Hijran (Jilga Nahrin)" 650.764492845 65076.4492845 1.22538354493 1316 "North Eastern" 22800 11800 11000 0 0 0 22800 11800 11000 35.036
"275" 277 9 "Baghlan" 911 "Baghlani Jadid" 2641.1269776 264112.69776 2.68201758583 1312 "North Eastern" 164100 83200 80900 63600 31900 31700 100500 51300 49200 62.133
"276" 278 9 "Baghlan" 901 "Puli Khumri" 507.336941646 50733.6941646 1.15787246108 1302 "North Eastern" 199700 102500 97200 98900 50700 48200 100800 51800 49000 393.624
"277" 279 9 "Baghlan" 909 "Nahrin" 946.054642026 94605.4642026 1.4856609823 1309 "North Eastern" 66100 34000 32100 4700 2500 2200 61400 31500 29900 69.869
"278" 280 9 "Baghlan" 907 "Andarab" 1028.54003604 102854.003604 1.72074742677 1307 "North Eastern" 24400 12500 11900 0 0 0 24400 12500 11900 23.723
"279" 281 9 "Baghlan" 906 "Khinjan" 1053.61042194 105361.042194 1.48876579999 1306 "North Eastern" 29100 14800 14300 0 0 0 29100 14800 14300 27.619
"280" 282 9 "Baghlan" 904 "Dushi" 1902.11454981 190211.454981 2.76820788942 1304 "North Eastern" 64000 32700 31300 0 0 0 64000 32700 31300 33.647
"281" 283 9 "Baghlan" 903 "Dahana-I- Ghuri" 1468.1870222 146818.70222 1.83689019035 1303 "North Eastern" 56300 28900 27400 1500 800 700 54800 28100 26700 38.347
"282" 284 9 "Baghlan" 905 "Tala Wa Barfak" 2880.6930495 288069.30495 2.76463831326 1305 "North Eastern" 28800 14900 13900 0 0 0 28800 14900 13900 9.998
"283" 285 8 "Panjsher" 804 "Paryan" 1428.00241435 142800.241435 2.06271711876 3304 "Capital" 14200 7200 7000 0 0 0 14200 7200 7000 9.944
"284" 286 8 "Panjsher" 803 "Khenj (Hese- Awal)" 688.220459793 68822.0459793 1.16307649752 3303 "Capital" 38200 19600 18600 0 0 0 38200 19600 18600 55.505
"285" 287 8 "Panjsher" 801 "Bazarak" 377.607852493 37760.7852493 0.88632275803 3307 "Capital" 17900 9200 8700 0 0 0 17900 9200 8700 47.404
"286" 288 8 "Panjsher" 802 "Dara" 709.538207156 70953.8207156 1.34877261274 3302 "Capital" 23800 12100 11700 0 0 0 23800 12100 11700 33.543
"287" 289 8 "Panjsher" 807 "Rukha" 144.416400775 14441.6400775 0.71965552544 3301 "Capital" 21900 11200 10700 0 0 0 21900 11200 10700 151.645
"288" 290 8 "Panjsher" 806 "Unaba" 164.164684605 16416.4684605 0.58130739043 3306 "Capital" 17200 8900 8300 0 0 0 17200 8900 8300 104.773
"289" 291 8 "Panjsher" 805 "Shutul" 226.840170109 22684.0170109 0.7756732266 3305 "Capital" 10500 5300 5200 0 0 0 10500 5300 5200 46.288
"290" 292 2 "Kapisa" 206 "Alasay" 309.673456996 30967.3456996 0.78594070426 206 "Capital" 36200 18600 17600 0 0 0 36200 18600 17600 116.897
"291" 293 2 "Kapisa" 205 "Tagab" 528.330789534 52833.0789534 1.38654747372 205 "Capital" 77400 38700 38700 0 0 0 77400 38700 38700 146.499
"292" 294 2 "Kapisa" 201 "Mahmudi Raqi" 135.905818374 13590.5818374 0.64739927635 201 "Capital" 61400 31000 30400 1400 800 600 60000 30200 29800 451.783
"293" 295 2 "Kapisa" 207 "Hisa-i-Duwumi Kohistan" 57.5475324473 5754.75324473 0.42552208961 207 "Capital" 43000 21800 21200 0 0 0 43000 21800 21200 747.208
"294" 296 2 "Kapisa" 202 "Hisa-i-Awali Kohistan" 90.8329107869 9083.29107869 0.46802995923 202 "Capital" 65100 32800 32300 0 0 0 65100 32800 32300 716.701
"295" 297 3 "Parwan" 303 "Salang" 508.16549298 50816.549298 1.03503480972 303 "Capital" 24900 12500 12400 0 0 0 24900 12500 12400 49
"296" 298 3 "Parwan" 302 "Jabalussaraj" 107.078121905 10707.8121905 0.66173682081 302 "Capital" 61000 30900 30100 1600 800 800 59400 30100 29300 569.678
"297" 299 3 "Parwan" 309 "Kohi Safi" 578.799511495 57879.9511495 1.2389715502 309 "Capital" 29600 14900 14700 0 0 0 29600 14900 14700 51.14
"298" 300 3 "Parwan" 308 "Bagram" 354.249559593 35424.9559593 1.09713727913 308 "Capital" 99100 50000 49100 0 0 0 99100 50000 49100 279.746
"299" 301 3 "Parwan" 310 "Sayd Khel" 46.7772339056 4677.72339056 0.37990444951 310 "Capital" 43700 22300 21400 0 0 0 43700 22300 21400 934.215
"300" 302 3 "Parwan" 301 "Chaharikar" 273.865452191 27386.5452191 0.88326453452 301 "Capital" 168000 85400 82600 52700 26600 26100 115300 58800 56500 613.44
"301" 303 3 "Parwan" 304 "Shinwari" 723.050665344 72305.0665344 1.38554438918 304 "Capital" 39400 19900 19500 0 0 0 39400 19900 19500 54.491
"302" 304 3 "Parwan" 305 "Sia Gird ( Ghorbund)" 898.562958225 89856.2958225 1.49891603326 305 "Capital" 92500 46200 46300 0 0 0 92500 46200 46300 102.942
"303" 305 3 "Parwan" 307 "Surkhi Parsa" 1164.35200256 116435.200256 1.84946438641 307 "Capital" 39100 19900 19200 0 0 0 39100 19900 19200 33.581
"304" 306 3 "Parwan" 306 "Shekh  Ali" 915.684400728 91568.4400728 1.3721242875 306 "Capital" 23600 12000 11600 0 0 0 23600 12000 11600 25.773
"305" 307 26 "Balkh" 2616 "Sharak Hairatan" 78.3186363237 7831.86363237 0.44705134394 0 "Northern" 0 0 0 0 0 0 0 0 0 0
"306" 308 26 "Balkh" 2605 "Dawlatabad" 1635.43434431 163543.434431 1.95033428971 1605 "Northern" 100200 51300 48900 10000 5200 4800 90200 46100 44100 61.268
"307" 309 26 "Balkh" 2602 "Nahri Shahi" 1123.1675621 112316.75621 1.97872074166 1602 "Northern" 42900 21900 21000 0 0 0 42900 21900 21000 38.196
"308" 310 26 "Balkh" 2601 "Mazari Sharif" 25.8271086452 2582.71086452 0.21482197258 1601 "Northern" 357100 183200 173900 357100 183200 173900 0 0 0 13826.557
"309" 311 2 "Kapisa" 203 "Koh Band" 149.23393986 14923.393986 0.54909733543 203 "Capital" 22400 11200 11200 0 0 0 22400 11200 11200 150.1
"310" 312 2 "Kapisa" 204 "Nijrab" 612.240157271 61224.0157271 1.12318117565 204 "Capital" 107500 54300 53200 0 0 0 107500 54300 53200 175.585
"311" 313 26 "Balkh" 2615 "Marmul" 582.533872103 58253.3872103 1.3122363991 1615 "Northern" 10900 5500 5400 0 0 0 10900 5500 5400 18.711
"312" 314 26 "Balkh" 2611 "Chahar Kint" 1039.70588715 103970.588715 1.9474927519 1611 "Northern" 42500 21800 20700 0 0 0 42500 21800 20700 40.877
"313" 315 26 "Balkh" 2609 "Sholgara" 1842.00475526 184200.475526 2.21813551287 1609 "Northern" 108700 55600 53100 9600 4900 4700 99100 50700 48400 59.012
"314" 316 26 "Balkh" 2612 "Dihdadi" 254.202969096 25420.2969096 0.80017180972 1612 "Northern" 64500 33000 31500 0 0 0 64500 33000 31500 253.734
"315" 317 26 "Balkh" 2606 "Balkh" 511.140834622 51114.0834622 1.04087017353 1606 "Northern" 114300 58200 56100 14400 7400 7000 99900 50800 49100 223.617
"316" 318 26 "Balkh" 2607 "Chahar Bolak" 536.432198638 53643.2198638 1.58347117149 1607 "Northern" 77500 39500 38000 0 0 0 77500 39500 38000 144.473
"317" 319 26 "Balkh" 2608 "Chimtal" 1724.58616621 172458.616621 2.54049928564 1608 "Northern" 87600 44600 43000 0 0 0 87600 44600 43000 50.795
"318" 320 26 "Balkh" 2610 "Kishindih" 1228.42472496 122842.472496 2.35435398421 1610 "Northern" 46500 23700 22800 0 0 0 46500 23700 22800 37.853
"319" 321 26 "Balkh" 2603 "Zari" 846.407344138 84640.7344138 1.4881684956 1603 "Northern" 42000 21400 20600 0 0 0 42000 21400 20600 49.621
"320" 322 18 "Samangan" 1802 "Hazrati Sultan" 985.330851449 98533.0851449 1.49884198937 1502 "Northern" 39600 20500 19100 0 0 0 39600 20500 19100 40.19
"321" 323 18 "Samangan" 1801 "Aybak" 1552.69121832 155269.121832 2.07791917723 1501 "Northern" 98500 50100 48400 27000 13500 13500 71500 36600 34900 63.438
"322" 324 18 "Samangan" 1805 "Ruyi Du Ab" 2414.40691765 241440.691765 2.63205988694 1505 "Northern" 43600 22700 20900 0 0 0 43600 22700 20900 18.058
"323" 325 18 "Samangan" 1806 "Khuram Wa Sarbagh" 2122.43057002 212243.057002 2.64939472199 1506 "Northern" 38100 19400 18700 0 0 0 38100 19400 18700 17.951
"324" 326 18 "Samangan" 1807 "Feroz Nakhchir" 1210.95012125 121095.012125 1.50802289624 1507 "Northern" 12500 6400 6100 0 0 0 12500 6400 6100 10.322
"325" 327 18 "Samangan" 1804 "Dara-I-Sufi Payin" 1707.98749833 170798.749833 2.59041169749 1504 "Northern" 68300 35200 33100 0 0 0 68300 35200 33100 39.989
"326" 328 18 "Samangan" 1803 "Dara-I-Sufi Bala" 2911.38252454 291138.252454 3.50112733528 1503 "Northern" 61900 31300 30600 0 0 0 61900 31300 30600 21.261
"327" 329 27 "Jawzjan" 2707 "Mardyan" 708.566044436 70856.6044436 1.31548434454 1707 "Northern" 36900 18700 18200 0 0 0 36900 18700 18200 52.077
"328" 330 27 "Jawzjan" 2706 "Aqcha" 146.371527499 14637.1527499 0.58197657419 1706 "Northern" 57100 29000 28100 22400 11400 11000 34700 17600 17100 390.103
"329" 331 19 "Sari Pul" 1904 "Balkhab" 2973.64378227 297364.378227 2.91487710224 3104 "Northern" 48100 24700 23400 0 0 0 48100 24700 23400 16.175
"330" 332 19 "Sari Pul" 1907 "Gosfandi" 1092.14089953 109214.089953 2.36023848587 3107 "Northern" 54100 26600 27500 0 0 0 54100 26600 27500 49.536
"331" 333 19 "Sari Pul" 1902 "Sangcharak" 1088.9620168 108896.20168 1.87798637958 3102 "Northern" 96500 50000 46500 11700 6100 5600 84800 43900 40900 88.616
"332" 334 19 "Sari Pul" 1905 "Sozma Qala" 521.617843956 52161.7843956 1.3133392607 3105 "Northern" 47400 24100 23300 0 0 0 47400 24100 23300 90.871
"333" 335 10 "Bamyan" 1003 "Kahmard" 1377.58817987 137758.817987 2.13159628967 2803 "Capital" 34800 17800 17000 0 0 0 34800 17800 17000 25.262
"334" 336 10 "Bamyan" 1001 "Bamyan" 1900.36246171 190036.246171 2.26187725224 2801 "Capital" 79500 39700 39800 11800 5900 5900 67700 33800 33900 41.834
"335" 337 10 "Bamyan" 1007 "Sayghan" 1741.14003419 174114.003419 2.21708364145 2807 "Capital" 22900 11700 11200 0 0 0 22900 11700 11200 13.152
"336" 338 10 "Bamyan" 1002 "Shibar" 1274.92532818 127492.532818 2.40725569197 2802 "Capital" 28200 14600 13600 0 0 0 28200 14600 13600 22.119
"337" 339 10 "Bamyan" 1004 "Yakawlang" 6704.0648192 670406.48192 4.56271539529 2804 "Capital" 83600 42500 41100 0 0 0 83600 42500 41100 12.47
"338" 340 10 "Bamyan" 1005 "Panjab" 1895.7863265 189578.63265 2.99211859837 2805 "Capital" 65200 32900 32300 0 0 0 65200 32900 32300 34.392
"339" 341 10 "Bamyan" 1006 "Waras" 2969.2580651 296925.80651 3.02383066284 2806 "Capital" 104300 52900 51400 0 0 0 104300 52900 51400 35.127
"340" 342 21 "Daykundi" 2107 "Miramor" 2363.07096424 236307.096424 2.85112246461 3407 "Capital" 59900 30700 29200 0 0 0 59900 30700 29200 25.348
"341" 343 21 "Daykundi" 2109 "Shahristan" 1963.34655486 196334.655486 2.89261492407 3409 "Capital" 63600 32700 30900 0 0 0 63600 32700 30900 32.394
"342" 344 1 "Kabul" 105 "Qarabagh" 209.090058151 20909.0058151 0.8364270607 105 "Capital" 73000 37200 35800 0 0 0 73000 37200 35800 349.132
"343" 345 1 "Kabul" 106 "Istalif" 113.204862701 11320.4862701 0.5262675672 106 "Capital" 32100 16400 15700 0 0 0 32100 16400 15700 283.557
"344" 346 1 "Kabul" 115 "Farza" 81.6534963268 8165.34963268 0.49781480557 115 "Capital" 20600 10600 10000 0 0 0 20600 10600 10000 252.286
"345" 347 1 "Kabul" 113 "Guldara" 82.1234514116 8212.34514116 0.4292526361 113 "Capital" 21900 11200 10700 0 0 0 21900 11200 10700 266.672
"346" 348 1 "Kabul" 104 "Kalakan" 64.1371822505 6413.71822505 0.47131218908 104 "Capital" 29000 14800 14200 0 0 0 29000 14800 14200 452.156
"347" 349 1 "Kabul" 103 "Mir Bacha Kot" 68.316953725 6831.6953725 0.37406595434 103 "Capital" 50000 25300 24700 0 0 0 50000 25300 24700 731.883
"348" 350 1 "Kabul" 107 "Shakardara" 320.682041508 32068.2041508 1.01104173288 107 "Capital" 78700 40000 38700 0 0 0 78700 40000 38700 245.414
"349" 351 1 "Kabul" 108 "Paghman" 362.564301258 36256.4301258 0.83369092466 108 "Capital" 116000 59700 56300 19900 10400 9500 96100 49300 46800 319.943
"350" 352 1 "Kabul" 102 "Dih Sabz" 466.255033199 46625.5033199 1.01978932365 102 "Capital" 51700 26500 25200 0 0 0 51700 26500 25200 110.884
"351" 353 1 "Kabul" 101 "Kabul" 353.362917808 35336.2917808 1.12081432363 101 "Capital" 3168400 1639900 1528500 3168400 1639900 1528500 0 0 0 8966.419
"352" 354 1 "Kabul" 110 "Bagrami" 280.787485499 28078.7485499 0.88779485001 110 "Capital" 53000 27200 25800 0 0 0 53000 27200 25800 188.755
"353" 355 4 "Maydan Wardak" 401 "Maydan Shahr" 246.003945486 24600.3945486 0.80747298815 401 "Capital" 38500 19600 18900 2800 1400 1400 35700 18200 17500 156.502
"354" 356 4 "Maydan Wardak" 402 "Jalrez" 1094.27622329 109427.622329 1.70188980054 402 "Capital" 50700 25800 24900 0 0 0 50700 25800 24900 46.332
"355" 357 4 "Maydan Wardak" 403 "Hisa-I- Awali Bihsud" 1575.97127288 157597.127288 2.02800873326 403 "Capital" 35400 18000 17400 0 0 0 35400 18000 17400 22.462
"356" 358 4 "Maydan Wardak" 404 "Markazi Bihsud" 3349.80881376 334980.881376 3.55996157226 404 "Capital" 114100 57900 56200 0 0 0 114100 57900 56200 34.062
"357" 359 4 "Maydan Wardak" 405 "Day Mirdad" 977.016791507 97701.6791507 1.89585237259 405 "Capital" 29700 15100 14600 0 0 0 29700 15100 14600 30.399
"358" 360 14 "Nuristan" 1405 "Bargi Matal" 1726.81909462 172681.909462 2.1404001316 3005 "Eastern" 14800 7400 7400 0 0 0 14800 7400 7400 8.571
"359" 361 14 "Nuristan" 1407 "Du Ab" 600.321442362 60032.1442362 1.34783359767 3007 "Eastern" 7500 3700 3800 0 0 0 7500 3700 3800 12.493
"360" 362 14 "Nuristan" 1401 "Parun" 1424.42409846 142442.409846 2.26941699284 3001 "Eastern" 12900 6600 6300 0 0 0 12900 6600 6300 9.056
"361" 363 14 "Nuristan" 1404 "Mandol" 2029.54056608 202954.056608 2.49060884327 3004 "Eastern" 18900 9800 9100 0 0 0 18900 9800 9100 9.312
"362" 364 7 "Laghman" 704 "Daulatshahi" 742.25854501 74225.854501 1.32474429337 906 "Eastern" 31800 16300 15500 0 0 0 31800 16300 15500 42.842
"363" 365 7 "Laghman" 705 "Alishing" 671.903660825 67190.3660825 1.24205011974 907 "Eastern" 68300 34900 33400 0 0 0 68300 34900 33400 101.651
"364" 366 1 "Kabul" 112 "Surobi" 1251.45297202 125145.297202 2.31110126142 112 "Capital" 53100 27000 26100 0 0 0 53100 27000 26100 42.431
"365" 367 1 "Kabul" 111 "Khaki Jabbar" 587.355208937 58735.5208937 1.40160118457 111 "Capital" 13700 7100 6600 0 0 0 13700 7100 6600 23.325
"366" 368 1 "Kabul" 114 "Musayi" 111.489976569 11148.9976569 0.54360587527 114 "Capital" 22400 11500 10900 0 0 0 22400 11500 10900 200.915
"367" 369 1 "Kabul" 109 "Chahar Asyab" 248.30978315 24830.978315 0.79852778315 109 "Capital" 35100 18200 16900 0 0 0 35100 18200 16900 141.356
"368" 370 4 "Maydan Wardak" 408 "Nirkh" 533.910203276 53391.0203276 1.36817146698 408 "Capital" 54500 28100 26400 0 0 0 54500 28100 26400 102.077
"369" 371 4 "Maydan Wardak" 406 "Chaki Wardak" 1098.16345762 109816.345762 1.76193871402 406 "Capital" 80700 41400 39300 0 0 0 80700 41400 39300 73.486
"370" 372 4 "Maydan Wardak" 407 "Saydabad" 1123.81610398 112381.610398 1.90142804224 407 "Capital" 111100 56900 54200 0 0 0 111100 56900 54200 98.86
"371" 373 4 "Maydan Wardak" 409 "Jaghatu" 593.81464751 59381.464751 1.22578584294 409 "Capital" 43700 22200 21500 0 0 0 43700 22200 21500 73.592
"372" 374 11 "Ghazni" 1104 "Nawur" 5234.49395381 523449.395381 4.13437227141 604 "Capital" 90500 46000 44500 0 0 0 90500 46000 44500 17.289
"373" 375 11 "Ghazni" 1107 "Jaghuri" 2136.83386556 213683.386556 2.49381860486 607 "Capital" 168800 86000 82800 0 0 0 168800 86000 82800 78.995
"374" 376 11 "Ghazni" 1106 "Malistan" 1763.78455192 176378.455192 3.00602641342 606 "Capital" 78400 39400 39000 0 0 0 78400 39400 39000 44.45
"375" 377 11 "Ghazni" 1105 "Ajristan" 1620.35271661 162035.271661 2.42986196995 605 "Capital" 27600 14200 13400 0 0 0 27600 14200 13400 17.033
"376" 378 22 "Uruzgan" 2203 "Khas Uruzgan" 2648.26497098 264826.497098 3.07560369595 2603 "Southern" 54100 27900 26200 0 0 0 54100 27900 26200 20.428
"377" 379 23 "Zabul" 2310 "Kakar" 1080.88974314 108088.974314 1.73126370508 2510 "Southern" 23000 11800 11200 0 0 0 23000 11800 11200 21.279
"378" 380 23 "Zabul" 2303 "Arghandab" 1507.17975873 150717.975873 2.29490105322 2503 "Southern" 31300 16100 15200 0 0 0 31300 16100 15200 20.767
"379" 381 23 "Zabul" 2302 "Shahjoy" 1721.10491243 172110.491243 2.12445070026 2502 "Southern" 55900 28700 27200 0 0 0 55900 28700 27200 32.479
"380" 382 23 "Zabul" 2307 "Shinkay" 2269.03463394 226903.463394 2.76829659828 2507 "Southern" 22500 11600 10900 0 0 0 22500 11600 10900 9.916
"381" 383 23 "Zabul" 2311 "Naw Bahar" 1277.30804949 127730.804949 2.04255694135 2511 "Southern" 18000 9100 8900 0 0 0 18000 9100 8900 14.092
"382" 384 23 "Zabul" 2309 "Shamulzayi" 2911.66747167 291166.747167 2.75162063055 2509 "Southern" 24700 12800 11900 0 0 0 24700 12800 11900 8.483
"383" 385 15 "Badakhshan" 1528 "Yawan" 444.072967477 44407.2967477 1.22319251574 1128 "North Eastern" 31100 16000 15100 0 0 0 31100 16000 15100 70.034
"384" 386 15 "Badakhshan" 1513 "Shahri Buzurg" 956.094963918 95609.4963918 1.57525525866 1113 "North Eastern" 50000 25300 24700 0 0 0 50000 25300 24700 52.296
"385" 387 16 "Takhar" 1609 "Chah Ab" 763.972718782 76397.2718782 1.32488210962 1209 "North Eastern" 74900 38300 36600 22000 11300 10700 52900 27000 25900 98.04
"386" 388 16 "Takhar" 1610 "Yangi Qala" 247.036635285 24703.6635285 0.73774316113 1210 "North Eastern" 42400 21700 20700 8800 4600 4200 33600 17100 16500 171.634
"387" 389 16 "Takhar" 1611 "Darqad" 393.08191294 39308.191294 1.18210030914 1211 "North Eastern" 25800 13400 12400 0 0 0 25800 13400 12400 65.635
"388" 390 16 "Takhar" 1614 "Dashti Qala" 280.384837354 28038.4837354 0.90515650277 1214 "North Eastern" 30600 15500 15100 0 0 0 30600 15500 15100 109.136
"389" 391 16 "Takhar" 1612 "Khwaja Ghar" 402.366675955 40236.6675955 0.8880273454 1212 "North Eastern" 64000 32600 31400 6500 3300 3200 57500 29300 28200 159.059
"390" 392 17 "Kunduz" 1707 "Dashte Archi" 820.468426276 82046.8426276 1.25221220895 1407 "North Eastern" 80900 41100 39800 3000 1600 1400 77900 39500 38400 98.602
"391" 393 17 "Kunduz" 1702 "Imam Sahib" 1656.03935287 165603.935287 2.48541444513 1402 "North Eastern" 221800 113000 108800 32500 16600 15900 189300 96400 92900 133.934
"392" 394 17 "Kunduz" 1703 "Qalay-I- Zal" 2062.85002984 206285.002984 2.10089967045 1403 "North Eastern" 66300 33800 32500 17400 9000 8400 48900 24800 24100 32.14
"393" 395 26 "Balkh" 2614 "Khulm" 3043.63856458 304363.856458 2.63961574728 1614 "Northern" 67600 34700 32900 46200 23800 22400 21400 10900 10500 22.21
"394" 396 26 "Balkh" 2613 "Kaldar" 856.56718039 85656.718039 1.39925344977 1613 "Northern" 19100 9800 9300 0 0 0 19100 9800 9300 22.298
"395" 397 26 "Balkh" 2604 "Shortepa" 1449.58529245 144958.529245 2.66422462174 1604 "Northern" 37800 19400 18400 0 0 0 37800 19400 18400 26.076
"396" 398 27 "Jawzjan" 2705 "Qarqin" 1192.48760038 119248.760038 1.6880357149 1705 "Northern" 23500 12000 11500 7100 3700 3400 16400 8300 8100 19.707
"397" 399 27 "Jawzjan" 2709 "Kham Ab" 843.112472485 84311.2472485 1.37118178717 1709 "Northern" 13400 6900 6500 0 0 0 13400 6900 6500 15.893
"398" 400 30 "Kandahar" 3013 "Maruf" 3190.97530139 319097.530139 3.44291338352 2413 "Southern" 31600 16200 15400 0 0 0 31600 16200 15400 9.903
"399" 25 34 "Nimroz" 3401 "Zaranj" 754.752053629 75475.2053629 1.56277464979 2201 "Southern" 53900 27600 26300 24300 12400 11900 29600 15200 14400 71.414
